9 16 9
45
130 29 6 24 173
141 20 61 58 233
187 13 55 50 216
11 35 4 90 196
207 71 42 28 233
115 88 118 75 285
53 33 72 70 241
135 78 40 84 194
47 49 36 87 142
71 83 93 87 302
134 50 8 6 116
173 6 89 51 250
46 87 108 60 261
149 78 107 85 215
208 35 21 18 194
199 56 23 49 170
129 29 31 56 218
176 49 72 55 180
113 40 60 20 224
86 21 97 5 255
30 16 6 8 203
194 45 56 75 253
92 68 11 72 144
180 37 41 43 238
134 41 112 41 240
153 36 52 87 166
88 87 10 25 132
35 6 91 58 206
63 43 9 35 147
30 61 80 84 194
143 1 71 17 246
193 71 15 58 220
172 81 22 51 208
120 13 7 67 123
204 16 19 58 196
169 62 65 78 222
25 11 5 52 189
48 48 92 38 219
95 50 105 72 316
72 59 41 48 232
119 41 65 34 181
20 10 114 78 214
35 64 11 9 143
166 37 54 4 224
169 87 102 72 211
