18 30 18
90
321 99 171 10 375
231 4 57 36 172
115 27 6 14 161
311 45 141 89 312
187 104 133 90 359
306 44 47 76 156
113 107 143 45 362
244 53 176 65 415
51 111 101 117 385
157 21 137 74 304
239 71 169 99 444
109 4 0 81 214
301 48 118 43 388
300 96 0 45 291
159 76 9 104 180
87 26 5 91 108
2 6 72 118 343
32 118 173 95 467
222 81 86 20 272
280 46 39 45 232
88 64 64 105 337
87 88 101 70 341
7 66 26 47 305
299 8 68 55 256
189 67 8 29 291
44 90 179 3 433
36 76 17 30 196
213 66 138 67 280
10 62 11 23 281
200 53 58 95 358
308 100 38 7 152
2 41 3 33 167
102 57 116 10 222
94 7 45 20 215
313 85 144 1 379
290 41 70 100 302
70 51 93 96 272
96 72 108 46 253
204 93 66 45 227
121 41 14 93 167
253 93 66 120 279
114 44 56 23 183
231 45 15 54 283
225 20 4 42 178
85 20 56 67 164
60 1 24 37 153
312 45 10 12 187
87 26 129 65 408
93 118 18 12 132
205 6 96 32 360
37 71 169 109 332
181 62 82 116 370
293 93 18 101 213
45 16 15 36 147
150 69 150 50 316
153 40 27 9 195
90 105 15 39 302
186 25 167 79 413
36 106 165 76 376
100 47 26 62 273
57 78 46 53 282
15 85 24 82 250
102 87 29 94 130
159 14 162 63 404
110 92 70 102 366
86 52 174 95 411
119 54 52 42 217
180 22 163 78 329
183 3 103 20 386
323 27 119 86 346
302 62 178 51 398
107 95 169 19 356
108 70 175 109 429
203 106 13 104 192
2 114 174 61 436
193 89 51 55 314
264 107 37 21 245
315 39 5 73 135
280 115 1 120 234
27 104 55 32 278
190 44 101 104 395
317 65 170 109 466
208 46 137 28 338
154 17 120 85 300
32 81 6 24 125
29 115 107 77 375
307 57 147 93 395
123 65 21 63 327
215 19 95 36 299
13 42 133 49 282
