9 16 9
45
36 55 99 45 297
157 28 65 37 265
169 10 80 28 193
76 53 119 52 319
132 43 32 38 238
23 3 79 45 288
199 60 91 51 210
182 39 101 83 291
193 3 103 52 272
32 35 0 63 165
11 59 47 11 207
190 58 67 29 172
171 61 15 75 208
40 26 105 76 278
57 21 7 89 210
148 35 60 71 233
177 46 95 1 290
83 82 8 7 194
101 76 88 81 214
86 69 74 10 253
131 22 95 43 219
135 36 23 50 202
71 9 103 56 245
110 34 66 23 178
133 86 110 84 264
110 82 118 10 282
39 83 27 28 162
5 7 65 80 275
73 26 101 76 268
103 11 104 23 305
176 37 22 86 238
109 81 81 31 226
50 38 49 60 231
136 46 102 23 211
186 43 80 83 206
183 80 82 8 250
160 49 62 68 280
175 12 52 43 197
156 29 63 1 201
143 51 45 29 213
207 47 52 16 262
167 88 110 11 308
123 19 113 58 287
169 17 68 1 252
208 24 96 86 248
