9 16 9
45
42 70 101 40 245
72 50 111 17 299
12 79 110 64 255
55 49 96 20 202
176 69 39 25 239
184 84 9 72 186
156 25 107 31 277
153 73 11 44 172
149 33 18 47 209
138 90 52 56 261
39 26 82 87 233
174 28 47 64 216
190 46 0 1 178
23 73 45 16 207
29 7 58 49 255
194 79 37 26 207
185 65 92 87 282
115 35 118 89 288
167 35 95 60 308
30 36 57 13 161
66 18 70 87 265
178 69 11 7 162
180 43 9 71 164
131 84 67 47 190
200 29 57 38 204
173 56 69 79 227
209 51 67 63 208
88 13 68 76 207
129 62 51 90 233
181 10 94 68 244
130 51 6 33 128
171 41 33 40 139
43 59 86 85 204
142 39 116 6 283
17 89 9 59 121
10 38 5 19 224
117 32 6 78 130
174 23 117 89 300
163 21 16 63 176
56 64 25 34 241
103 23 49 54 221
203 47 98 60 310
21 2 72 7 238
84 68 50 54 181
16 29 24 75 178
