9 16 9
45
171 14 34 12 232
66 25 9 87 137
152 80 119 75 225
164 48 7 85 179
60 33 105 18 255
94 55 83 50 199
93 34 77 71 203
79 87 15 43 215
105 11 92 8 281
158 84 64 72 262
17 79 58 74 248
79 35 7 36 195
109 19 67 53 204
88 81 59 65 164
145 57 89 27 212
198 23 105 48 281
180 74 48 70 159
68 71 27 89 219
127 72 47 25 196
185 83 1 67 138
180 21 42 6 250
105 10 104 7 270
195 4 57 47 171
38 66 19 48 238
150 46 73 7 283
180 79 2 9 207
117 47 118 85 261
168 7 33 40 159
123 77 117 6 292
58 66 71 60 177
193 48 7 76 183
85 90 32 17 185
124 1 81 57 216
136 37 6 60 189
39 48 39 11 145
184 33 67 74 253
20 2 90 20 290
133 81 117 82 249
54 29 82 26 248
126 13 62 28 231
82 74 61 63 171
71 18 21 10 158
206 47 70 63 208
192 3 9 26 156
159 9 80 75 222
