8 15 9
35
84 41 107 88 266
110 64 109 5 221
119 15 32 57 228
80 32 97 61 217
72 41 109 10 288
174 10 20 4 204
25 2 90 16 229
99 47 37 18 246
130 44 93 68 254
66 44 26 52 149
23 51 114 21 315
169 1 6 9 193
121 43 111 78 314
176 71 78 77 285
103 53 31 77 221
89 65 69 11 236
148 46 51 45 157
73 72 96 87 222
173 69 47 6 231
118 16 27 41 138
49 12 83 34 286
174 72 37 75 215
150 11 52 5 269
26 52 29 61 154
154 51 26 59 183
57 11 31 57 170
137 88 19 1 197
128 53 108 66 265
52 25 41 31 212
155 31 46 24 239
24 76 84 46 235
136 66 29 29 139
86 4 36 28 241
144 1 116 13 244
36 7 7 89 138
