8 15 9
35
56 53 41 43 168
178 9 71 69 251
37 33 12 42 141
173 7 48 62 234
104 18 55 65 269
154 74 95 4 280
112 80 83 25 212
102 79 18 77 171
9 50 115 13 283
8 75 21 86 151
87 37 85 61 187
171 26 74 80 225
34 29 103 57 204
89 3 8 9 209
156 19 81 32 294
161 55 25 69 228
42 75 21 59 175
96 30 65 81 262
108 64 116 59 260
30 29 102 51 273
79 76 84 7 212
19 89 103 68 230
126 5 35 54 219
125 14 36 28 195
8 8 11 88 132
177 14 100 33 266
135 23 75 14 229
61 50 83 54 253
153 24 19 13 167
102 60 22 31 129
135 11 76 14 227
30 77 60 55 236
100 69 93 9 280
172 44 88 55 268
23 84 108 27 251
