18 30 18
90
124 89 4 108 220
46 93 175 42 474
215 117 48 76 324
98 24 111 38 373
232 21 120 34 420
10 79 162 108 438
29 19 173 51 456
264 82 115 101 280
3 32 107 109 298
8 115 62 1 264
315 24 117 63 238
88 99 164 51 423
8 62 176 36 376
6 44 35 105 262
196 19 69 7 253
127 95 101 1 357
320 76 97 52 241
85 58 16 76 322
115 86 29 102 227
187 50 87 66 385
277 115 148 34 356
17 16 56 86 224
161 51 21 93 285
327 117 146 3 435
128 27 27 83 212
22 86 81 47 182
93 82 81 19 308
167 45 131 8 342
91 27 55 46 287
212 61 122 38 315
29 1 36 30 261
215 116 59 33 197
258 33 118 80 300
244 117 85 106 277
314 20 171 70 471
161 54 58 114 231
255 75 68 93 226
13 39 164 1 437
96 15 173 94 412
258 107 175 82 425
21 34 46 2 212
81 38 111 36 371
17 85 159 12 359
29 95 43 37 309
87 82 146 21 324
214 104 49 19 333
156 70 144 38 357
77 37 64 72 287
300 41 66 94 347
272 35 174 19 275
265 87 152 18 364
247 36 34 7 214
290 51 50 105 220
96 17 173 111 339
245 32 1 10 160
89 78 77 67 332
119 103 75 37 242
8 114 83 29 370
256 2 28 75 185
210 9 130 82 429
220 54 25 67 195
285 3 65 104 347
96 5 10 115 138
149 87 144 26 397
200 119 151 89 316
80 25 1 65 120
311 20 22 19 139
125 74 40 62 263
93 63 166 66 458
77 34 16 113 272
54 60 35 23 199
115 96 33 67 182
158 72 127 29 334
71 24 15 35 279
144 71 76 104 182
245 33 94 49 379
285 8 65 53 304
301 20 41 22 260
322 70 158 1 356
256 49 131 27 341
244 55 35 40 255
258 36 130 18 230
173 85 166 34 456
204 106 85 25 375
24 53 124 8 291
89 117 168 43 307
293 63 163 91 399
144 35 19 45 254
98 110 71 72 187
219 65 12 46 305
