8 15 9
35
46 24 80 80 194
157 24 79 7 293
107 88 2 84 120
104 27 86 40 295
17 77 12 85 228
151 69 72 5 273
160 40 17 39 188
69 53 108 13 302
1 65 15 8 180
13 46 112 14 289
120 39 5 74 107
121 74 37 43 224
136 47 0 31 206
29 32 47 4 149
158 44 76 42 180
16 65 18 83 152
55 7 109 24 278
134 51 32 67 143
151 10 18 61 127
151 5 51 56 214
172 16 11 37 128
175 71 71 45 230
137 14 79 89 276
109 11 12 79 121
170 63 66 75 208
21 30 40 58 237
165 27 26 25 183
149 2 17 36 228
144 22 22 65 226
98 12 103 65 320
134 25 75 50 207
11 45 103 54 321
76 35 63 72 274
61 23 78 43 229
116 71 69 4 277
