18 30 18
90
135 120 90 91 337
237 1 177 35 445
55 113 40 96 207
295 13 149 40 325
93 59 131 75 354
155 1 61 49 328
103 85 95 54 232
270 78 31 8 305
245 47 94 44 285
23 14 138 1 345
47 87 45 13 164
278 21 72 101 201
178 64 109 117 366
308 18 58 57 319
218 40 168 111 285
104 112 82 119 361
85 59 37 76 153
305 119 78 23 258
256 53 0 1 266
293 60 55 110 244
155 74 178 90 481
86 63 144 59 365
40 71 54 51 341
17 19 31 119 262
2 57 172 55 396
296 33 104 8 378
282 20 65 101 172
178 98 71 16 265
137 99 55 24 287
123 27 52 90 325
35 69 92 92 382
272 98 145 115 314
30 27 49 5 281
90 62 132 68 280
238 110 115 34 360
123 86 1 80 146
245 62 14 117 120
11 75 31 88 314
64 44 33 87 143
161 108 109 40 306
35 88 169 88 349
111 10 78 99 208
110 9 2 21 228
214 32 98 84 225
90 28 137 36 428
328 49 170 12 414
318 24 1 83 308
175 87 174 111 482
304 47 69 35 183
245 76 1 84 265
139 26 49 101 236
130 120 67 5 175
1 18 145 22 321
180 97 104 31 268
147 18 99 3 338
4 75 138 76 438
146 10 28 39 157
100 37 164 104 411
182 53 30 92 215
284 108 84 62 345
223 64 37 73 248
217 1 122 64 288
227 85 49 57 170
254 91 87 77 221
307 63 75 11 289
135 75 165 91 432
48 56 88 37 267
223 4 90 8 310
147 29 16 58 256
112 100 121 3 311
54 112 19 47 126
182 117 5 25 116
223 109 20 102 240
165 1 22 68 256
66 29 104 108 243
314 16 158 17 359
163 49 13 79 181
55 52 106 70 242
160 103 152 8 352
137 95 82 114 265
301 7 107 33 408
299 8 22 109 309
267 95 149 118 341
303 25 73 54 240
149 105 126 20 268
85 113 68 120 190
307 100 31 10 189
296 114 154 59 325
185 30 53 104 323
159 32 62 101 305
