8 15 9
35
169 33 104 38 237
120 79 66 71 220
177 45 57 75 210
102 25 80 85 287
131 43 14 58 135
120 72 92 68 298
53 31 102 41 309
145 41 100 46 251
88 25 114 51 243
0 16 112 15 331
103 39 22 33 129
1 81 20 64 158
65 51 13 34 216
117 60 2 78 125
85 52 34 54 176
15 86 81 51 295
170 38 7 21 190
67 8 81 86 263
34 1 78 23 196
32 30 80 43 183
123 3 33 69 183
26 49 56 47 274
88 72 95 12 267
162 46 84 33 209
88 82 53 40 222
104 31 113 61 330
174 79 85 21 205
148 33 82 9 268
125 54 43 30 167
152 30 100 25 231
40 90 39 4 208
115 86 27 68 184
93 19 47 5 232
38 45 96 79 198
37 20 108 62 252
