15 26 15
70
142 104 115 107 233
86 98 10 78 174
168 42 104 81 212
163 79 65 48 203
143 2 76 35 227
117 106 52 94 152
157 74 148 86 285
36 4 64 65 264
106 83 24 69 160
128 71 58 25 213
6 81 117 54 291
203 95 125 61 238
223 83 64 5 275
144 25 81 46 292
134 91 49 112 214
147 63 11 23 161
222 19 48 108 213
40 111 31 23 248
204 20 73 19 232
34 4 145 110 336
187 115 102 22 297
28 84 86 57 289
88 101 42 82 145
218 36 58 110 260
15 111 89 90 201
44 109 30 93 138
115 99 13 76 199
53 114 146 69 360
209 71 84 79 266
162 64 140 17 267
120 16 65 74 214
111 55 49 66 249
9 42 0 94 191
48 57 19 35 176
34 14 114 114 233
153 43 76 8 198
165 43 71 9 229
192 87 112 80 268
190 47 140 72 242
32 5 96 77 290
81 38 21 104 233
197 7 108 6 285
235 100 71 17 278
64 1 85 109 288
101 32 40 51 208
130 70 121 9 274
212 63 97 11 231
84 51 88 39 201
171 61 3 31 153
177 82 20 30 213
118 54 84 28 289
118 55 106 52 232
205 46 107 86 283
207 34 126 109 334
96 91 14 42 122
221 36 46 55 234
11 23 7 82 224
212 70 28 117 223
34 30 43 4 226
221 94 91 40 270
134 14 18 14 120
154 45 109 77 222
93 28 141 106 301
144 56 19 108 213
202 102 129 112 299
128 42 105 99 284
58 98 96 115 312
128 24 51 1 160
80 9 68 58 184
8 25 87 67 306
