9 16 9
45
84 42 5 3 215
132 84 43 84 175
170 39 41 70 182
161 16 35 54 202
203 40 33 38 251
13 18 58 87 183
24 2 29 2 196
156 39 49 2 166
121 42 17 19 150
91 49 69 53 194
160 48 98 13 310
207 4 30 65 239
163 8 16 72 175
52 43 2 70 202
117 23 104 9 255
74 3 1 33 132
192 54 22 83 227
89 39 117 27 267
192 67 86 55 209
123 67 104 7 242
90 15 50 39 184
56 72 98 82 289
6 49 28 79 133
80 56 96 46 310
206 45 82 31 249
150 30 59 55 258
128 47 94 5 216
110 84 53 25 160
70 3 102 89 314
60 82 64 15 225
14 70 47 29 194
154 44 108 2 311
192 75 108 9 301
184 18 88 8 276
105 59 23 55 173
185 25 22 46 214
198 36 27 4 240
129 60 53 57 271
132 63 71 48 280
109 78 44 23 170
10 18 3 19 127
83 20 50 61 251
106 81 75 88 191
173 26 19 90 202
136 63 53 41 235
