9 16 9
45
90 58 51 52 175
121 19 115 76 300
101 55 78 20 264
117 73 45 83 234
18 71 93 48 239
130 19 71 71 254
179 39 118 41 281
170 82 46 21 184
109 71 33 20 205
11 20 62 48 279
166 39 4 82 179
158 12 39 8 257
175 87 69 16 189
140 21 34 38 250
80 34 31 4 158
98 62 110 33 322
123 52 48 38 221
196 40 48 40 152
126 47 107 53 302
27 54 14 22 151
148 14 68 26 180
27 73 40 48 223
4 62 54 69 231
136 21 104 57 258
172 81 65 34 202
44 70 41 81 182
97 23 59 43 188
199 1 21 5 131
67 6 34 81 186
73 51 38 8 218
102 8 63 52 227
158 64 86 43 263
195 70 33 84 178
203 62 22 72 153
65 47 12 35 159
3 50 7 41 198
123 81 94 53 308
35 85 10 76 220
174 42 54 62 164
23 62 8 72 174
47 14 73 33 281
130 81 58 54 244
181 73 47 79 212
12 10 22 49 130
61 12 92 1 274
