9 16 9
45
60 54 4 26 172
165 36 17 67 212
157 34 118 77 325
11 58 74 54 190
192 90 11 36 223
193 40 16 52 133
82 33 66 68 184
116 37 1 60 169
85 47 3 27 211
99 40 63 32 261
204 73 92 24 248
120 65 100 13 260
17 6 113 84 319
33 7 81 67 236
102 57 28 65 227
178 5 71 47 214
8 57 82 5 295
75 72 115 14 322
11 18 2 10 180
38 57 108 83 264
18 54 11 15 134
159 69 81 32 278
191 84 52 1 269
26 56 39 34 140
184 84 68 60 248
138 7 106 64 322
49 41 58 88 264
16 26 88 87 191
70 12 57 12 262
6 20 30 53 190
134 86 43 4 202
130 65 62 37 215
171 56 47 29 183
81 29 42 81 188
142 33 16 1 185
153 56 59 64 188
65 69 58 42 221
14 65 83 69 271
60 3 60 34 257
151 25 62 68 214
113 15 27 10 194
55 76 33 58 166
61 89 42 81 254
131 20 20 4 173
88 82 114 34 302
