9 16 9
45
108 71 78 44 234
125 3 61 54 163
52 3 110 52 279
62 87 86 73 284
146 24 70 82 288
66 82 50 35 175
6 79 100 49 300
36 31 104 87 244
134 72 52 85 161
58 10 8 36 130
6 24 43 62 242
191 68 47 22 176
148 58 11 18 136
62 38 1 29 204
16 50 91 20 280
106 10 11 90 154
9 83 62 58 173
135 25 115 78 232
179 32 113 72 254
157 22 93 65 261
147 6 80 2 288
60 75 30 6 186
73 49 62 80 273
45 46 69 70 285
209 50 16 2 217
202 67 21 17 226
180 35 28 18 240
29 46 38 22 222
169 44 111 4 222
132 36 4 83 191
178 89 78 67 241
68 24 69 48 237
48 39 65 47 254
21 2 68 28 180
131 20 36 30 183
194 62 16 38 204
87 83 119 63 257
137 9 16 79 143
21 2 0 35 108
11 65 52 58 200
196 18 25 24 175
28 26 44 7 252
203 42 99 79 276
135 76 37 41 212
90 63 46 35 237
