15 26 15
70
239 70 48 102 249
191 29 15 65 231
186 107 55 76 223
176 38 126 84 330
231 14 3 57 139
64 113 120 100 292
219 50 84 31 225
206 82 109 20 274
173 116 142 45 256
141 63 87 2 218
112 49 107 95 268
56 16 65 29 281
56 28 11 30 176
237 26 140 74 262
214 35 126 72 314
230 75 129 72 233
2 11 37 119 192
237 114 84 59 226
47 31 109 100 246
223 20 142 113 281
222 86 142 103 250
18 85 7 15 160
12 34 112 70 227
190 21 97 96 260
184 21 94 49 301
206 114 31 21 165
87 38 104 114 291
81 83 139 16 298
68 87 14 55 133
116 57 103 58 314
5 73 28 101 134
67 36 63 36 164
68 86 118 3 326
191 59 84 56 258
4 73 39 120 245
60 99 121 59 246
16 52 54 36 181
223 3 124 31 251
26 60 81 79 271
189 47 47 80 188
125 66 62 32 221
139 109 38 53 169
6 63 112 109 250
181 93 74 61 178
137 14 29 6 182
221 98 89 60 196
172 47 53 13 162
139 25 66 5 275
218 91 23 119 172
219 78 13 112 160
122 44 59 117 188
200 57 15 101 173
237 42 21 7 221
135 78 21 66 166
151 77 113 77 214
181 63 115 56 303
101 71 52 86 231
238 114 67 71 256
22 25 104 71 231
170 37 67 21 266
115 51 20 8 200
28 98 133 51 266
237 73 130 57 330
183 16 138 11 307
219 36 67 107 275
2 25 20 56 206
3 115 110 69 304
235 87 122 22 238
226 28 144 87 358
30 55 42 28 207
