15 26 15
70
229 25 146 76 315
165 70 104 113 308
92 9 109 110 323
161 111 53 72 239
238 70 111 103 219
120 116 14 30 190
45 5 88 34 193
41 67 64 44 191
54 48 138 113 315
146 51 136 32 293
38 110 63 5 225
205 21 10 22 142
198 60 111 27 274
231 8 56 118 217
220 3 88 48 302
118 33 93 19 224
87 56 119 60 235
34 38 133 8 251
211 100 105 62 276
131 106 144 102 362
66 82 98 113 253
182 19 110 93 255
106 108 48 71 265
225 51 13 63 164
60 69 6 23 137
99 105 49 6 175
76 11 21 47 127
52 72 107 94 270
125 30 14 25 135
176 39 102 108 273
162 90 23 71 160
114 54 10 100 201
102 109 57 100 212
14 99 132 60 264
36 45 64 52 221
100 59 19 83 183
135 94 147 90 355
82 50 3 86 166
142 5 83 6 274
189 22 135 82 301
228 100 139 117 239
181 115 146 11 279
155 43 145 104 343
187 40 101 23 265
172 2 53 8 248
136 45 84 31 277
66 73 45 42 240
20 57 22 68 234
171 82 68 39 279
37 52 0 104 147
152 43 16 49 226
237 43 16 31 162
220 71 111 77 304
18 30 65 120 272
223 94 30 93 228
40 19 118 99 222
118 15 115 5 228
59 104 51 20 256
93 91 76 72 244
3 44 129 30 264
236 23 4 7 160
15 60 99 23 304
118 98 140 9 246
99 11 62 107 274
30 39 82 82 200
154 22 54 61 218
200 69 81 70 237
165 13 79 52 185
236 71 57 26 165
102 74 14 75 142
