8 15 9
35
66 33 0 89 181
88 9 24 13 134
0 21 109 79 259
77 73 90 73 204
62 23 23 8 158
134 29 45 81 158
14 9 16 18 168
52 25 108 20 253
75 69 49 80 158
51 71 34 21 168
86 42 93 83 254
59 35 13 72 186
16 28 15 51 117
132 71 55 53 190
133 75 99 53 209
51 84 67 87 168
179 49 28 63 205
153 70 26 72 148
112 26 36 4 187
179 81 107 43 304
29 52 1 56 121
91 62 74 73 202
120 80 75 28 226
60 47 76 20 227
73 2 64 33 239
158 78 83 70 267
127 24 8 29 194
143 27 71 40 245
89 44 92 49 235
39 6 82 18 270
171 6 107 59 219
155 77 93 47 198
127 15 107 30 305
172 26 96 47 259
53 59 63 30 183
