9 16 9
45
111 61 108 43 242
23 46 32 17 173
125 86 25 57 228
14 89 80 71 285
18 22 0 25 141
120 34 1 47 174
60 62 0 63 170
57 29 6 43 134
156 17 90 58 209
5 70 81 60 241
154 45 46 83 147
54 6 86 75 234
139 16 71 10 279
205 20 22 5 192
95 57 80 73 273
94 42 11 43 173
194 27 59 57 243
19 18 11 43 201
83 63 85 90 230
110 47 0 45 182
142 34 100 44 254
139 11 35 82 215
142 27 83 32 232
164 23 22 65 156
76 74 25 5 151
44 40 14 37 227
131 82 106 39 233
112 70 113 53 259
14 35 67 90 282
163 39 108 53 316
189 14 29 75 188
126 6 56 42 185
186 85 20 70 149
105 9 55 41 198
140 5 17 23 131
204 16 21 4 191
15 43 56 87 272
200 66 17 86 202
52 45 28 46 227
172 60 27 55 142
205 45 98 55 223
206 90 74 39 274
17 65 114 39 278
135 61 49 65 163
202 19 97 43 247
