15 26 15
70
10 62 55 66 209
162 26 90 115 223
207 27 22 62 157
56 15 143 11 298
186 91 63 51 234
75 28 107 70 312
184 53 143 108 298
107 117 132 100 342
144 41 86 116 225
159 24 72 68 241
31 110 41 39 180
153 118 103 2 322
43 93 138 91 267
222 53 119 25 318
33 84 38 101 187
178 109 58 59 212
18 38 8 8 204
92 14 134 25 241
139 64 75 56 254
102 34 14 75 149
84 33 77 24 259
74 78 61 85 186
49 97 67 107 227
122 93 9 89 164
230 37 140 62 279
238 91 37 53 238
100 57 146 108 263
18 21 129 110 348
1 110 110 72 303
171 43 86 113 202
107 68 137 23 336
11 51 16 18 143
94 69 27 107 177
75 94 9 85 123
68 65 9 28 192
40 39 90 38 191
151 2 117 34 217
13 118 2 15 120
147 36 73 17 285
55 43 53 29 192
172 21 75 83 262
179 25 115 55 247
209 40 7 31 146
215 114 64 53 281
162 77 84 80 195
3 3 45 12 233
153 102 122 112 273
181 115 92 88 299
95 17 30 36 225
53 46 48 48 158
43 29 107 43 229
179 49 107 60 265
127 4 110 12 246
93 6 24 30 207
62 21 117 28 330
118 40 100 74 275
91 96 62 82 226
163 78 113 16 223
136 61 79 64 253
92 86 22 33 160
94 1 50 9 177
4 9 66 86 220
104 16 39 51 205
189 69 77 116 254
80 102 76 50 244
173 81 49 78 178
230 107 18 33 197
231 104 44 84 212
186 78 51 92 199
138 23 91 50 262
