18 30 18
90
114 46 3 71 155
80 106 28 47 258
135 98 124 33 340
13 88 68 18 333
28 116 127 65 362
167 109 88 93 341
140 107 96 69 360
246 33 166 38 358
63 45 96 26 382
60 55 12 3 207
135 51 20 60 234
112 40 115 115 239
170 84 23 49 323
302 72 115 23 260
14 89 89 91 339
92 93 140 74 373
0 66 156 59 354
155 78 18 86 189
329 30 39 57 295
80 97 82 113 207
227 56 159 22 369
155 89 128 12 236
206 93 0 89 236
13 98 80 116 322
160 87 14 86 253
279 105 4 26 209
232 7 148 31 392
301 120 59 85 201
7 108 69 106 228
20 19 138 47 303
159 18 65 15 220
121 34 72 56 284
100 5 167 94 462
294 115 9 48 280
135 1 140 74 307
129 120 114 38 335
132 104 97 21 312
275 108 56 22 178
45 33 100 76 204
195 28 13 46 204
6 42 69 24 286
181 83 120 16 338
308 67 129 40 345
176 6 92 73 300
153 35 55 38 318
323 36 38 11 195
269 98 52 26 183
153 100 32 97 184
148 113 57 96 285
269 8 92 82 380
234 77 114 89 291
46 49 36 118 164
94 96 41 94 338
110 49 115 58 219
60 26 116 113 387
254 62 55 60 281
60 34 120 83 330
293 33 85 23 291
226 61 114 24 383
67 21 9 69 279
313 52 43 70 314
55 79 179 38 294
188 54 82 5 254
83 56 30 44 287
20 74 8 86 295
324 55 42 78 282
212 56 145 82 313
153 57 106 106 298
270 42 99 100 362
258 88 65 37 237
19 84 119 31 402
276 84 168 4 338
109 50 6 52 297
328 31 69 70 259
123 89 81 77 360
263 84 62 90 307
322 66 107 81 354
63 66 134 103 235
86 64 94 66 391
141 59 165 56 330
2 74 46 64 335
321 21 29 35 194
187 107 21 53 215
96 49 87 38 364
101 69 145 92 315
248 13 138 46 294
21 111 143 97 336
161 102 85 55 365
211 45 43 69 305
247 52 77 1 230
