18 30 18
90
254 98 124 74 289
40 99 71 8 236
274 27 150 79 289
61 39 128 19 383
260 100 13 8 239
230 83 4 92 302
56 53 3 79 181
255 71 36 86 195
324 101 174 83 460
117 19 43 90 255
247 29 3 68 168
112 72 47 15 221
92 59 23 33 187
237 5 32 113 166
75 66 9 94 199
167 30 106 14 389
284 119 83 33 296
30 110 105 9 340
256 104 66 24 173
176 115 175 108 410
255 20 3 101 302
262 52 144 4 314
196 67 143 112 439
220 88 81 99 365
103 112 47 46 220
189 77 102 61 308
168 118 96 117 396
22 28 54 59 361
86 110 14 24 299
0 49 30 25 175
41 30 121 53 255
10 87 139 98 279
41 27 101 33 312
315 57 92 11 266
71 6 87 117 382
301 7 115 40 242
215 19 97 103 260
127 58 91 76 255
227 77 151 6 338
209 120 91 65 230
244 76 135 46 412
144 105 155 73 407
322 71 138 79 351
7 15 158 79 289
51 110 8 66 295
68 16 148 53 452
174 44 84 92 189
6 108 92 98 282
98 6 73 62 302
101 28 151 115 264
182 103 87 86 203
23 25 76 42 294
33 79 116 119 299
48 50 51 77 153
244 113 158 20 351
136 70 163 44 420
238 6 153 17 362
82 110 74 17 258
159 98 38 103 292
324 115 168 41 352
82 39 104 41 333
201 8 159 35 448
5 82 127 19 352
124 66 26 74 156
186 64 72 46 226
76 87 35 16 246
95 72 141 114 298
72 82 169 28 386
204 24 126 92 401
322 28 113 119 357
282 81 80 93 336
119 100 81 17 324
137 13 89 72 276
274 32 39 51 198
126 115 60 96 335
189 3 97 17 261
12 47 7 104 160
300 38 145 68 426
195 110 10 114 265
110 52 81 45 364
71 66 116 62 410
48 93 98 79 369
133 77 158 86 350
105 24 53 60 220
97 22 149 35 423
47 69 136 106 422
242 94 37 104 151
6 28 122 52 296
130 59 30 2 190
71 72 75 87 344
