9 16 9
45
44 59 30 28 177
119 32 113 81 287
91 65 103 27 271
34 20 7 45 154
126 25 34 79 193
133 86 74 70 219
10 16 76 6 246
161 56 46 12 256
100 20 60 15 209
21 21 63 73 213
107 26 46 9 169
208 46 23 52 153
10 36 94 47 203
171 6 32 9 210
41 85 69 22 279
117 45 6 69 144
177 74 37 80 222
187 90 108 89 309
174 68 89 2 235
34 48 93 72 232
124 51 95 37 223
197 87 44 75 236
63 5 86 75 239
189 82 17 9 117
66 48 95 51 202
44 61 118 23 223
56 71 74 4 226
108 56 92 19 309
82 23 60 55 266
209 86 76 17 193
153 43 33 65 239
126 81 90 82 224
118 27 70 7 262
34 18 16 1 170
160 10 98 36 279
35 52 105 86 236
168 14 91 71 291
171 25 55 42 186
197 17 31 7 153
58 33 31 85 160
192 46 118 25 299
94 43 77 16 222
57 79 54 47 213
203 82 93 72 284
56 48 109 24 213
