10 25 11
32
35 24 37 54 74
112 79 85 5 182
42 70 94 38 138
105 135 82 142 95
146 108 98 87 163
199 149 23 41 59
40 97 62 65 90
133 22 60 130 142
187 107 81 49 138
137 125 41 27 124
25 83 48 119 66
18 14 45 131 54
24 104 66 98 162
146 52 96 23 144
30 45 89 129 146
153 118 135 34 214
145 131 105 33 153
17 78 136 5 171
110 74 39 100 67
74 126 110 8 125
133 81 23 115 96
127 110 127 73 179
141 52 79 59 109
159 83 28 80 62
110 83 137 99 154
160 135 29 136 106
198 147 57 78 97
97 30 97 139 115
63 40 98 42 129
50 149 86 17 181
198 14 104 113 113
98 34 60 70 63
